# nothing

[/home/gengxiaoqi/Downloads/R commands(11.09.13).pdf]
page=1
offset=0
scale=1.2539115093551232
rotate=0
pages-per-row=1
first-page-column=1:2
position-x=1.285140562248996
position-y=0.099930202478328858
time=1475131286
jumplist=19 1.285140562248996 0.97504612327924689 9 0.5 0.4749763257575757 9 1.285140562248996 0.49993020247832881 4 0.5 0.22497632575757576 2 0.5 0.12497632575757574 1 0.5 0.074976325757575762 

[/home/gengxiaoqi/Downloads/R语言实战.pdf]
page=213
offset=0
scale=1.7454546638257655
rotate=0
pages-per-row=2
first-page-column=2
position-x=0.13454175400809371
position-y=0.51878116555036158
time=1475132155
jumplist=1 0.5 0.0025842275217944138 206 0.5 0.50121359223300976 308 0.5 0.74878640776699024 257 0.5 0.625 231 0.5 0.56189320388349517 218 0.5 0.53033980582524276 212 0.5 0.51577669902912626 209 0.5 0.50849514563106801 207 0.5 0.50364077669902918 206 0.5 0.50121359223300976 207 0.5 0.50296401457328366 213 0.49973971889640811 0.51786370848824603 213 0.087520921537443425 0.51777545489502563 213 0.27208891386805695 0.51851760064454777 213 0.13454175400809371 0.51878116555036158 

[/home/gengxiaoqi/Downloads/Robert I. Kabacoff-R in Action, 2nd Edition_ Data analysis and graphics with R-Manning (2015).pdf]
page=626
offset=0
scale=3.6164951167027999
rotate=0
pages-per-row=1
first-page-column=1:2
position-x=0.5
position-y=0.99716396580762701
time=1475136772
jumplist=1 0.42959001782531192 0.005674319607742933 313 0.5 0.5 157 0.5 0.25238095238095237 79 0.5 0.12857142857142856 39 0.5 0.065079365079365084 59 0.5 0.096825396825396828 69 0.5 0.1126984126984127 73 0.5 0.11904761904761903 52 0.5 0.084095579569792411 60 0.5 0.096337579617834401 64 0.5 0.10270700636942674 66 0.5 0.10589171974522295 65 0.5 0.10429936305732485 64 0.5 0.10270700636942674 65 0.5 0.10429936305732485 64 0.5 0.10270700636942674 65 0.5 0.10429936305732485 64 0.5 0.10270700636942674 65 0.5 0.10429936305732485 64 0.5 0.10270700636942674 65 0.5 0.10429936305732485 64 0.5 0.10270700636942674 65 0.5 0.10429936305732485 64 0.5 0.10270700636942674 65 0.5 0.10429936305732485 64 0.5 0.10270700636942674 65 0.5 0.10429936305732485 66 0.5 0.10589021423055876 65 0.5 0.10429936305732485 64 0.5 0.10270700636942674 65 0.5 0.10429936305732485 64 0.5 0.10270700636942674 65 0.5 0.10429936305732485 64 0.5 0.10270700636942674 65 0.5 0.10429936305732485 64 0.5 0.10270700636942674 65 0.5 0.10429936305732485 64 0.5 0.10270700636942674 65 0.5 0.10429936305732485 64 0.5 0.10270700636942674 65 0.5 0.10429936305732485 0 0.5 0.00079617834394904473 627 0.5 0.99920382165605093 0 0.5 0.00079617834394904473 627 0.5 0.99920382165605093 0 0.5 0.00079617834394904473 22 0.5 0.035828025477707005 39 0.5 0.062898089171974522 0 0.5 0.00079617834394904473 11 0.5 0.018312101910828025 627 0.5 0 627 0.5 0.99875632249552493 624 0.5 0.9940220511814174 625 0.5 0.99557160911972886 624 0.5 0.99397925243183094 625 0.5 0.99557160911972886 624 0.5 0.99397925243183094 0 0.5 0 22 0.5 0.035380526317181055 15 0.42959001782531192 0.027505404164962874 7 0.5 0.014285714285714287 3 0.5 0.0079365079365079361 1 0.5 0.0047619047619047623 2 0.5 0.0047619047619047623 3 0.5 0.0079365079365079361 627 0.5 0.99841269841269853 0 0.5 0.0015873015873015873 1 0.5 0.0024066587662899775 0 0.5 0.00034867918342309753 627 0.5 0.99875632249552493 0 0.5 0.00034867918342309753 627 0.5 0.99875632249552493 0 0.5 0.00034867918342309753 627 0.5 0.99875632249552493 0 0.5 0.00034867918342309753 627 0.5 0.99875632249552493 0 0.5 0.00034867918342309753 627 0.5 0.99875632249552493 0 0.5 0.00034867918342309753 627 0.5 0.99875632249552493 0 0.5 0.00034867918342309753 627 0.5 0.99965146526644899 0 0.5 0.00034867918342309753 627 0.5 0.99965146526644899 0 0.5 0.00034867918342309753 627 0.5 0.99964320614954028 627 0.5 0.99876458503541665 0 0.5 0.00035694172331464017 627 0.5 0.99876458503541665 0 0.5 0.00034867918342309753 627 0.5 0.99965146526644899 0 0.5 0.00034867918342309753 627 0.5 0.99965146526644899 0 0.5 0.00034867918342309753 627 0.5 1 0 0.5 0.00034867918342309753 627 0.5 0.99965146526644899 0 0.5 0.00034867918342309753 627 0.5 0.99965146526644899 0 0.5 0.00034867918342309753 627 0.5 0.99965146526644899 0 0.5 0.00034867918342309753 0 0.5 0.00035679385045976852 627 0.5 0.99876458503541665 

[/home/gengxiaoqi/Downloads/GNU_Emacs_Lisp_编程入门.pdf]
page=13
offset=0
scale=1.6130283837753667
rotate=0
pages-per-row=2
first-page-column=1:2
position-x=0.5
position-y=0.070198709842028292
time=1475179296
jumplist=17 0.5 0.087350750459891921 213 0.5 0.99433739704358282 0 0.5 0.0035966563028418702 213 0.5 0.99433739704358282 0 0.5 0.0035966563028418702 105 0.5 0.49433739704358259 109 0.5 0.51230756826269253 53 0.5 0.25359665630284184 

[/home/gengxiaoqi/Books/Sams_Teach_Yourself_Emacs_in_24_Hours.pdf]
page=46
offset=0
scale=1.2529543071843241
rotate=0
pages-per-row=2
first-page-column=1:2
position-x=0.64300066979236437
position-y=0.075426574457050283
time=1475229844
jumplist=
