((("with" .
   [1 0 0 0])
  ("test=10" .
   [0 0 1 2 1 0 0])
  ("text" .
   [2 0 0 0])
  ("hello-world" .
   [0 0 0 0 0 0 0 0 0 0 1])
  ("setq" .
   [4 0 0 0])
  ("message" .
   [0 0 1 2 3 1 1])
  ("foo" .
   [8 0 1])
  ("default" .
   [0 0 0 0 1 0 0])
  ("defvar" .
   [0 0 0 0 1 0])
  ("bar" .
   [1 0 0])
  ("defun" .
   [0 0 0 0 4])
  ("area" .
   [3 0 1 1])
  ("radix" .
   [1 0 3 1 3])
  ("circle-area" .
   [1 0 0 0 0 0 0 2 0 0 2])
  ("3.1415926525" .
   [0 0 1 0 0 0 0 0 0 0 0 0])
  ("radix2" .
   [1 0 0 0 0 0])
  ("circle-area2" .
   [0 0 0 0 0 0 0 0 0 1 0 0])
  ("name" .
   [4 0 0 0])
  ("lambda" .
   [0 0 0 0 0 1])
  ("funcall" .
   [0 0 0 1 0 0 0])
  ("my-max" .
   [0 0 1 0 0 0])
  ("fib" .
   [3 0 0])
  ("attach" .
   [0 0 0 0 0 1])
  ("Summary" .
   [0 0 0 0 0 0 1])
  ("mtext" .
   [1 0 0 0 0])
  ("mtcars" .
   [0 0 0 0 0 1])
  ("mtcars$hp" .
   [1 0 0 0 0 0 0 1 0])
  ("install.packages" .
   [0 0 0 0 0 0 0 0 0 1 0 0 0 0 0 0])
  ("update.packages" .
   [0 0 0 0 0 0 0 0 1 0 0 0 0 0 2])))
